1	2	Москва	1039	2080	4609	6133	7194	8057	8878	10126	11504	12330	13010	13104	13150
2	1	Санкт-Петербург	1265	1737	3431	3390	4033	4569	4989	4661	4880	5226	5602	5600	5598
3		Новосибирск	8	120	404	885	1161	1309	1420	1426	1474	1584	1634	1635	1634
4	35	Екатеринбург	43	140	423	779	1025	1210	1296	1294	1350	1444	1544	1539	1536
5	4	Казань	130	179	406	667	869	989	1085	1105	1144	1217	1309	1315	1319
6	54	Красноярск	27	72	190	412	648	795	869	909	974	1067	1188	1197	1205
7	8	Нижний Новгород	90	222	644	941	1170	1342	1438	1311	1251	1267	1226	1213	1205
8	79	Челябинск	20	59	273	689	875	1030	1107	1077	1130	1192	1190	1183	1177
9	27	Уфа	49	99	258	547	780	977	1080	1042	1062	1111	1145	1158	1163
10	9	Самара	90	176	390	806	1027	1192	1222	1158	1165	1171	1173	1164	1159
11	5	Ростов-на-Дону	120	308	510	600	789	925	1008	1068	1089	1120	1142	1136	1140
12	15	Краснодар	66	163	193	313	460	557	619	646	745	854	1099	1121	1139
13	40	Омск	37	162	289	581	821	1016	1149	1134	1154	1178	1126	1111	1104
14	10	Воронеж	81	122	344	447	660	781	882	849	890	1032	1058	1052	1046
15	33	Пермь	45	121	306	629	850	998	1041	1002	991	1042	1034	1027	1027
16	18	Волгоград	55	151	445	591	815	926	999	1011	1021	1016	1028	1026	1019
17	3	Саратов	137	220	372	579	757	854	902	873	838	843	901	892	887
18	49	Тюмень	30	50	79	150	269	356	476	511	582	721	847	856	861
19	228	Тольятти	6	6	9	61	251	505	629	703	720	713	685	675	668
20	153	Махачкала	10	34	87	119	178	247	302	462	572	588	623	623	622
21	68	Барнаул	21	74	148	303	439	534	599	601	612	636	631	623	620
22		Ижевск	22	63	176	285	422	551	635	632	628	643	623	621	619
23	98	Хабаровск	15	52	207	323	436	526	598	583	577	611	617	617	616
24	36	Ульяновск	42	66	98	206	351	462	624	636	615	622	617	613	612
25	24	Иркутск	51	108	250	366	451	547	573	594	588	623	617	611	606
26	50	Владивосток	29	108	206	291	441	549	631	595	592	607	604	597	592
27	13	Ярославль	72	116	309	407	517	595	629	613	592	607	577	571	567
28	20	Севастополь[e][f][g]	54	75	114	148	229	301	356	—	—	416	548	558	561
29	37	Ставрополь	42	59	85	141	198	257	318	355	399	430	547	550	557
30	22	Томск	52	92	145	249	338	423	473	488	525	569	556	552	545
31		Кемерово	—	22	137	289	374	509	461	485	533	553	557	549	545
32		Набережные Челны	—	4	9	16	38	305	500	510	513	527	548	546	544
33	12	Оренбург	72	123	172	267	344	458	517	549	548	563	544	539	537
34	332	Новокузнецк	3	4	166	382	496	544	583	550	548	551	537	534	531
35		Балашиха[h]	—	8	29	58	92	117	135	148	216	428	521	527	530
36	32	Рязань	46	51	95	214	350	450	512	522	525	535	529	523	521
37	273	Чебоксары	5	9	31	104	209	307	420	441	454	481	498	496	496
38	—	Калининград	—	—	—	204	297	354	401	430	432	460	490	490	490
39	16	Пенза	60	92	160	255	374	482	522	518	517	525	501	492	488
40	71	Липецк	21	21	67	157	289	394	450	506	509	510	496	490	485
41	59	Киров	25	62	144	252	359	388	440	458	474	497	468	472	475
42	7	Астрахань	113	184	259	305	410	458	478	505	520	532	476	469	466
43	6	Тула	115	155	285	351	462	513	540	481	501	486	474	467	462
44		Сочи	—	13	71	127	224	243	337	329	343	401	466	447	445
45	11	Курск	76	82	120	205	284	371	424	412	415	443	440	435	437
46	177	Улан-Удэ	8	29	126	174	254	300	353	359	404	431	438	436	436
47		Сургут	1	1	2	6	34	107	248	285	307	349	396	407	420
48	21	Тверь	54	108	216	261	345	411	451	409	404	416	416	415	413
49		Магнитогорск	—	—	146	311	364	410	440	419	408	418	411	409	409
50	60	Брянск	25	86	174	207	318	394	452	432	416	406	379	376	373
51	211	Якутск	7	11	53	74	108	153	187	211	270	304	355	361	368
52	19	Иваново	54	111	285	335	420	464	481	432	408	408	362	361	358
53	51	Владимир	28	40	67	154	234	294	350	316	345	355	350	347	344
54	28	Симферополь[f][g]	49	88	143	188	250	302	344	—	—	336	341	338	337
55	92	Грозный	16	97	172	250	341	375	400	211	272	287	329	331	334
56	132	Чита	12	64	121	172	241	302	366	317	324	344	334	334	333
57		Нижний Тагил	30	39	160	338	378	401	440	390	362	356	339	334	331
58	26	Калуга	50	52	89	134	211	264	311	335	325	342	337	334	330
59	55	Белгород	27	31	34	72	151	238	300	337	356	387	340	334	328
60		Волжский	—	—	—	67	142	213	269	313	314	326	321	317	315
61	309	Подольск[i]	4	20	72	129	169	202	209	181	188	294	315	312	313
62	52	Вологда	28	58	95	139	178	236	282	293	302	313	314	312	312
63	103	Саранск	15	15	41	91	191	262	312	305	297	308	315	312	311
64	31	Смоленск	47	79	157	147	231	297	341	325	327	329	317	313	311
65	143	Курган	10	28	53	146	244	308	356	346	334	325	311	306	302
66	201	Череповец	7	22	32	92	188	266	310	312	312	319	305	301	299
67	70	Архангельск	21	77	251	258	343	385	416	356	349	351	301	299	297
68	34	Владикавказ	44	78	131	164	236	276	300	316	312	307	296	293	293
69	14	Орёл	70	76	111	150	232	303	337	333	318	320	303	297	292
70		Нижневартовск	—	—	—	2	16	110	241	239	252	271	283	287	291
71	384	Йошкар-Ола	2	4	27	89	166	202	242	257	249	265	281	283	285
72	97	Стерлитамак	16	25	39	112	184	221	247	264	273	280	277	279	280
73		Мытищи	—	17	60	99	119	141	154	160	173	201	255	266	275
74		Мурманск	—	9	119	222	309	382	468	336	307	302	270	267	267
75	38	Кострома	41	74	121	172	223	255	278	279	269	277	267	266	266
76	86	Новороссийск	17	68	95	93	133	159	186	232	242	267	262	262	262
77		Химки	—	3	23	48	85	119	133	141	207	240	257	257	257
78	29	Тамбов	48	72	106	172	230	270	305	294	280	288	262	259	256
79		Нальчик	—	13	48	88	146	200	235	275	240	239	247	246	246
80	25	Таганрог	51	86	189	202	254	278	292	282	258	251	245	242	242
81		Нижнекамск	—	—	—	—	49	136	191	225	234	236	241	241	240
82	44	Благовещенск	33	61	58	94	128	172	206	219	214	224	241	241	240
83		Люберцы	—	10	48	95	135	154	165	157	173	190	224	230	236
84	121	Петрозаводск	13	26	70	135	192	236	269	266	262	277	235	236	236
85		Комсомольск-на-Амуре	—	—	71	177	218	266	315	281	264	251	239	236	235
86		Королёв[j]	—	—	44	72	106	114	159	143	183	221	228	227	226
87		Энгельс	20	34	69	91	130	163	181	194	202	224	225	223	223
88	57	Великий Новгород	26	33	40	61	128	185	229	217	219	222	224	223	222
89	88	Шахты	16	49	135	196	205	209	226	223	240	237	226	222	221
90		Братск	—	—	—	43	155	215	256	251	246	234	224	221	220
91	282	Сыктывкар	4	5	24	69	125	184	232	230	235	244	221	220	220
92		Ангарск	—	—	—	135	203	240	265	247	234	227	221	218	217
93	91	Старый Оскол	16	20	11	27	52	116	174	216	221	222	222	218	217
94		Дзержинск	—	9	103	164	221	258	285	261	241	233	219	217	215
95		Красногорск	—	—	18	35	63	77	90	92	117	145	188	189	193
96	107	Орск	14	14	66	176	225	247	271	251	240	231	189	188	188
97		Одинцово	—	3	13	20	67	101	125	135	139	141	181	186	187
98	47	Псков	30	43	60	81	127	175	204	203	203	208	193	189	187
99		Абакан	—	3	37	56	90	129	154	165	165	179	185	185	186
100		Армавир	18	75	84	111	144	160	161	194	189	189	187	184	185